bray_curtis	A-1	A-2	B-1	B-2	C-1	C-2
A-1	0	0.110	0.986	0.986	0.990	0.991
A-2	0.110	0	0.976	0.976	0.990	0.990
B-1	0.986	0.976	0	0.134	0.872	0.874
B-2	0.986	0.976	0.134	0	0.868	0.870
C-1	0.990	0.990	0.872	0.868	0	0.0601
C-2	0.991	0.990	0.874	0.870	0.0601	0
